A03    26.647400 103.328300  2886.000000
B02    26.426001 103.074898  1025.000000
B04    26.766600 102.999100   933.000000
BAD    23.358700 100.151199  1713.000000
BAS    25.118000  99.146599  1722.000000
BAW    24.951200  98.833801  1025.000000
BIJ    27.243500 105.349998  1463.000000
BJT    27.243500 105.349998  1463.000000
BZL    28.219999  99.314102  2112.000000
C01    26.257099 103.025299  2495.000000
C05    26.977200 102.708099  1636.000000
CAD    31.100000  97.169998  3349.000000
CAD    31.139999  97.169998  3338.000000
CAY    23.136400  99.258499  1262.000000
CFT    25.848600 100.517303  1517.000000
CHT    25.489300  99.986801  1449.000000
CQT    29.420000 106.570000   255.000000
CUX    25.029301 101.535599  1822.000000
CYU    27.452200 100.665200  2246.000000
DAG    27.743126 103.895782  1140.000000
DAL    21.699200 100.050003   633.000000
DAY    25.726801 101.316399  1877.000000
DOC    26.092199 103.186600  1265.000000
DQT    28.488701  98.907600  3328.000000
DRO    28.713800  99.284599  2436.000000
ERY    26.108801  99.947502  2063.000000
EYA    26.108801  99.947502  2063.000000
FUN    23.624901 105.620201   684.000000
GAB    22.942900 100.625603  1603.000000
GAX    28.636000 104.735901   860.000000
GEJ    23.353500 103.159599  1771.000000
GOS    27.744900  98.670700  1470.000000
GYA    26.459000 106.664001  1160.000000
HCL    22.990700 100.486198  1360.000000
HEP    23.067499 100.630997  1291.000000
HEQ    26.549000 100.151497  2215.000000
HLT    25.148300 102.747498  1940.000000
HUP    26.587099 101.199303  1193.000000
HWS    28.636000 104.735901   860.000000
JIC    22.575199 101.868500  1112.000000
JIG    23.501900 100.735100  1031.000000
JIH    22.019400 100.738197   585.000000
JIP    22.782499 103.223396  1309.000000
JIS    23.650400 102.759804  1315.000000
JLI    28.178900 104.515602  1000.000000
KAC    25.000799  97.760902  1265.000000
KMI    25.148300 102.747498  1940.000000
L5301  27.302900 103.364998  2540.399900
L5302  26.946400 103.581703  1640.800050
L5303  26.947901 103.232597  2616.300050
L5304  28.227800 103.641602   628.000000
L5305  28.112301 103.498001  1270.000000
L5306  28.013399 103.628899  1785.000000
L5307  23.428301 100.407097  1071.000000
L5308  23.577999 100.478500  1119.000000
L5309  23.252600 100.616699   950.000000
L5310  23.087700 100.358002  1175.000000
LAB    27.744101 100.447900  2261.000000
LAC    22.552401  99.920601  1025.000000
LAK    18.191900 104.978203   503.000000
LAP    19.898300 102.165398   270.000000
LBO    28.272200 103.570297  1310.000000
LEB    28.272200 103.570297  1310.000000
LGH    27.714300 100.861504  2669.000000
LIC    23.878500 100.068901  1525.000000
LIC    23.879499 100.168800  2376.699950
LIJ    26.895599 100.232201  2428.000000
LIT    25.986200  99.805099  2041.000000
LIY    26.946400 103.581703  1640.800050
LIZ    29.670000  94.339996  2994.000000
LIZ    29.700001  94.339996  2995.000000
LOJ    27.358999 104.095000  1850.000000
LOP    24.885599 104.291100  1489.000000
LPS    26.650000 104.769997  2142.000000
LUL    23.595699 100.292000   952.000000
LUQ    25.540800 102.449699  1777.000000
LUS    25.831699  98.851799   861.000000
MAD    25.783569  99.920738  1636.000000
MAL    25.427300 103.575203  2031.000000
MAN    23.426901 100.039803  1881.000000
MAN    28.041500 103.633102  2684.000000
MAN    28.013399 103.628899  1785.000000
MAQ    23.252600 100.616699   950.000000
MAS    24.424500  98.592499   924.000000
MBI    28.840500 103.533600   640.000000
MEB    23.087700 100.358002  1175.000000
MEK    31.903900 102.223900  2765.000000
MEL    22.336500  99.579598   934.000000
MIL    24.405800 103.388496  1487.000000
MLA    21.425900 101.527603   649.000000
MLI    25.129999  98.850197   754.000000
MLP    23.128401 104.702400  1055.000000
MLZ    21.583201 100.678001   620.000000
MNG    24.905899  97.904404  1769.000000
MNO    24.926300  97.919296  1914.000000
MYI    25.521200  97.474197   300.000000
NAL    22.570400 100.568298   742.000000
NAM    20.896099  97.771103   300.000000
NIL    27.294399 100.843300  2267.000000
NNS    22.891100 108.151199   367.000000
NZD    22.575300 100.267303  1168.000000
PAH    27.535400 103.865000  1851.000000
PGE    27.383900 102.542297  1427.000000
PUG    27.383900 102.542397  1427.000000
PXS    22.130100 106.751198   227.000000
PYZ    24.722200  97.969704   872.000000
PZH    26.503300 101.742500  1190.000000
QCH    26.947901 103.232597  2616.300050
QIH    26.101801  99.769699  1859.000000
QIJ    26.909500 102.943398  1103.000000
QKT    25.217400  98.334503  1825.000000
RHT    24.954500  98.438202  1491.000000
SBT    24.953400  98.541000  1682.000000
SHY    25.012800  98.647598  1761.000000
SIM    22.775600 101.014000  1401.000000
TBG    24.610800  97.656998  1337.000000
TEC    25.028900  98.519798  1615.000000
TNC    25.028900  98.519798  1630.000000
TOH    24.112801 102.788101  1849.000000
TUM    27.302900 103.364998  2540.399900
TUS    25.609301 100.253998  1955.000000
WAD    24.085100  98.070900   838.000000
WED    23.133101  99.914597  1805.000000
WEK    23.577999 100.478500  1119.000000
WES    23.407600 104.251801  1384.000000
WET    23.577999 100.478500  1119.000000
WIN    26.907101 104.303001  2334.000000
WJI    28.112301 103.498001  1270.000000
WNT    26.910101 104.300102  2334.100100
WSZ    22.754600 100.438202  1236.000000
XBT    25.566601 100.499100  1770.000000
XCE    28.941700  99.791702  3000.000000
XHT    24.748501  98.484802  1208.000000
XIC    28.941700  99.791702  3000.000000
XIC    24.781300  98.077301   830.000000
XIC    22.803499 100.204498  1388.000000
XIM    24.782400  97.702301  1673.000000
XIW    24.693600 100.046600  2232.000000
XUW    26.088100 104.135696  2076.000000
XYT    25.035299 104.900002  1191.000000
YAJ    28.111700 104.231499   475.000000
YAY    27.466900 101.677597  2596.000000
YIL    27.634300 104.050000   866.000000
YIL1   27.634296 104.050095   850.000000
YIM    24.700199 102.143997  1667.000000
YNI    27.774599 100.639600  2702.000000
YOD    24.035700  99.245400  1680.000000
YOP    23.428301 100.407097  1071.000000
YOS    26.694099 100.768303  2190.000000
YSH    28.227800 103.641602   628.000000
YUJ    23.565901 101.977997   511.000000
YUL    25.885401  99.371696  1653.000000
YUM    25.689400 101.860703  1086.000000
YUX    24.434799 100.147499  1164.000000
YYU    27.466900 101.677597  2596.000000
ZAT    27.322100 103.717903  1922.000000
ZHX    25.065599  98.151802   972.000000
ZHY    23.998800 101.106796  1186.000000
ZOD    27.823200  99.698402  3306.000000
