  5.00   313.000******************************** 947.201  20.000   5.753
  6.00   313.000******************************** 746.953  20.000   6.718
  7.00   314.000******************************** 635.407  20.000   7.701
  8.00   314.000******************************** 553.700  20.000   8.669
  9.00   316.000******************************** 546.767  20.000   9.665
 10.00   317.000******************************** 518.514  20.000  10.628
 11.00   320.000******************************** 509.215  20.000  11.640
 12.00   322.000******************************** 496.095  20.000  12.592
 13.00   325.000******************************** 486.372  20.000  13.571
 14.00   328.000******************************** 533.048  20.000  14.530
 15.00   332.000******************************** 521.945  20.000  15.527
 16.00   335.000******************************** 531.788  20.000  16.457
 17.00   339.000******************************** 640.510  20.000  17.430
 18.00   342.000******************************** 586.769  20.000  18.342
 19.00   345.000******************************** 605.052  20.000  19.235
 20.00   347.000******************************** 595.413  20.000  20.082
 21.00   349.000******************************** 622.809  20.000  20.900
 22.00   351.000******************************** 465.503  20.000  21.700
 23.00   352.000******************************** 448.828  20.000  22.446
 24.00   353.000******************************** 421.292  20.000  23.165
 25.00   354.000******************************** 327.703  20.000  23.875
 26.00   354.000******************************** 218.067  20.000  24.578
 27.00   355.000******************************** 193.654  20.000  25.272
 28.00   355.000******************************** 171.120  20.000  25.932
 29.00   356.000******************************** 118.533  20.000  26.680
 30.00   357.000********************************  85.888  20.000  27.431
 31.00   357.000********************************  73.170  20.000  28.255
 32.00   358.000********************************  58.024  20.000  29.179
 33.00   358.000********************************  47.847  20.000  30.175
 34.00   358.000********************************  35.827  20.000  31.289
 35.00   272.000********************************  25.477  20.000  36.344
 36.00   269.000********************************  21.990  20.000  37.971
 37.00   267.000********************************  18.903  20.000  39.531
 38.00   266.000********************************  16.614  20.000  41.043
 39.00   266.000********************************  14.850  20.000  42.488
 40.00   268.000********************************  13.244  20.000  43.847
 41.00   271.000********************************  11.214  20.000  44.862
 42.00   273.000********************************   9.937  20.000  45.635
 43.00   274.000********************************   8.927  20.000  46.333
 44.00   275.000********************************   7.887  20.000  46.895
 45.00   274.000********************************   7.364  20.000  47.615
 46.00   273.000********************************   6.950  20.000  48.376
 47.00   272.000********************************   6.458  20.000  49.081
 48.00   271.000********************************   6.223  20.000  49.920
 49.00   270.000********************************   5.885  20.000  50.689
 50.00   269.000********************************   5.750  20.000  51.585
