MEL        22.336500    99.579597     934.0
SIM        22.775600   101.014000    1401.0
YOD        24.035700    99.245399    1680.0
YUJ        23.565901   101.977997     511.0
YUX        24.434799   100.147499    1164.0
ZHY        23.998800   101.106796    1186.0
CAY        23.136400    99.258499    1262.0
CHT        25.489300    99.986801    1449.0
JIH        22.019400   100.738197     585.0
JIS        23.650400   102.759804    1315.0
LAC        22.552401    99.920601    1025.0
MLA        21.425900   101.527603     649.0
CUX        25.029301   101.535599    1822.0
MAS        24.424500    98.592499     924.0
TUS        25.609301   100.253998    1955.0
XBT        25.566601   100.499100    1770.0
YIM        24.700199   102.143997    1667.0
JIG        23.501900   100.735100    1031.0
LIC        23.878500   100.068901    1525.0
BAS        25.118000    99.146599    1722.0
TOH        24.112801   102.788101    1849.0
BAD        23.358700   100.151199    1713.0
HEP        23.067499   100.630997    1291.0
L5307      23.428301   100.407097    1071.0
WED        23.133101    99.914597    1805.0
L5308      23.577999   100.478500    1119.0
LUL        23.595699   100.292000     952.0
L5309      23.252600   100.616699     950.0
L5310      23.087700   100.358002    1175.0
XHT        24.748501    98.484802    1208.0
XIC        28.941700    99.791702    3000.0 