 LIC       23.8785000       100.068901       1525.00000    
 JIG       23.5018997       100.735100       1031.00000    
 LAC       22.5524006       99.9206009       1025.00000    
 CAY       23.1364002       99.2584991       1262.00000    
 SIM       22.7756004       101.014000       1401.00000    
 YOD       24.0356998       99.2453995       1680.00000    
 YUX       24.4347992       100.147499       1164.00000    
 MEL       22.3365002       99.5795975       934.000000    
 ZHY       23.9988003       101.106796       1186.00000    
 JIH       22.0193996       100.738197       585.000000    
 MAS       24.4244995       98.5924988       924.000000    
 WAD       24.0851002       98.0709000       838.000000    
 XHT       24.7485008       98.4848022       1208.00000    
 RHT       24.9545002       98.4382019       1491.00000    
 YIM       24.7001991       102.143997       1667.00000    
 MLA       21.4258995       101.527603       649.000000    
 YUL       25.8854008       99.3716965       1653.00000    
 YUJ       23.5659008       101.977997       511.000000    
 CUX       25.0293007       101.535599       1822.00000    
 JIS       23.6504002       102.759804       1315.00000    
 CHT       25.4892998       99.9868011       1449.00000    
 XBT       25.5666008       100.499100       1770.00000    
 TUS       25.6093006       100.253998       1955.00000    
 TOH       24.1128006       102.788101       1849.00000    
 TNC       25.0289001       98.5197983       1630.00000    
 GEJ       23.3535004       103.159599       1771.00000    
 CFT       25.8486004       100.517303       1517.00000    
 DAY       25.7268009       101.316399       1877.00000    
 JIP       22.7824993       103.223396       1309.00000    
 YUM       25.6893997       101.860703       1086.00000    
 QKT       25.2173996       98.3345032       1825.00000    
 HLT       25.1483002       102.747498       1940.00000    
 EYA       26.1088009       99.9475021       2063.00000    
 MNO       24.9263000       97.9192963       1914.00000    
 LUQ       25.5408001       102.449699       1777.00000    
 LUS       25.8316994       98.8517990       861.000000    
 MIL       24.4057999       103.388496       1487.00000    
 HEQ       26.5489998       100.151497       2215.00000    
 HUP       26.5870991       101.199303       1193.00000    
 YOS       26.6940994       100.768303       2190.00000    
 PZH       26.5032997       101.742500       1190.00000    
 WES       23.4076004       104.251801       1384.00000    
 MAL       25.4272995       103.575203       2031.00000    
 LIJ       26.8955994       100.232201       2428.00000    
 DOC       26.0921993       103.186600       1265.00000    
 C01       26.2570992       103.025299       2495.00000    
 LOP       24.8855991       104.291100       1489.00000    
 LAP       19.8983002       102.165398       270.000000    
 MLP       23.1284008       104.702400       1055.00000    
 NIL       27.2943993       100.843300       2267.00000    
 B04       26.7665997       102.999100       933.000000    
 C05       26.9771996       102.708099       1636.00000    
 A03       26.6473999       103.328300       2886.00000    
 QIJ       26.9095001       102.943398       1103.00000    
 YYU       27.4668999       101.677597       2596.00000    
 XUW       26.0881004       104.135696       2076.00000    
 LGH       27.7143002       100.861504       2669.00000    
 ZOD       27.8232002       99.6984024       3306.00000    
 L5302     26.9463997       103.581703       1640.80005    
 GOS       27.7448997       98.6707001       1470.00000    
 ZAT       27.3220997       103.717903       1922.00000    
 XCE       28.9417000       99.7917023       3000.00000    
 YAJ       28.1117001       104.231499       475.000000    
 PXS       22.1301003       106.751198       227.000000    
 JLI       28.1788998       104.515602       1000.00000    
 MBI       28.8404999       103.533600       640.000000    
 HWS       28.6359997       104.735901       860.000000    
 CQT       29.4200001       106.570000       255.000000    
 BAS       25.1180000       99.1465988       1722.00000    
 XIM       24.7824001       97.7023010       1673.00000    
 BAD       23.3586998       100.151199       1713.00000    
 HEP       23.0674992       100.630997       1291.00000    
 L5307     23.4283009       100.407097       1071.00000    
 WED       23.1331005       99.9145966       1805.00000    
 XIC       28.9417000       99.7917023       3000.00000    
 L5308     23.5779991       100.478500       1119.00000    
 LUL       23.5956993       100.292000       952.000000    
 L5309     23.2525997       100.616699       950.000000    
 L5310     23.0876999       100.358002       1175.00000    
 KMI       25.1483002       102.747498       1940.00000    
