        1248        3.682977    1.232527E-01
   121.8600   20.1200  129.5900   44.6100      3.66
   121.8600   20.1200  102.7400   25.1200      3.72
   121.8600   20.1200  116.1700   40.0400      3.62
   121.8600   20.1200   87.8000   43.8100      3.76
   121.8600   20.1200  121.1900   31.1000      3.67
   121.8600   20.1200  109.4900   30.2800      3.76
    90.7600   48.7000  102.7400   25.1200      3.69
    90.7600   48.7000  129.5900   44.6100      3.69
    90.7600   48.7000  116.1700   40.0400      3.64
    90.7600   48.7000  103.8400   36.0900      3.97
    90.7600   48.7000  121.1900   31.1000      3.70
    91.9400   34.4100   87.8000   43.8100      3.48
    91.9400   34.4100  121.1900   31.1000      3.52
    91.9400   34.4100  116.1700   40.0400      3.65
    91.9400   34.4100  119.1700   49.2700      3.58
    91.9400   34.4100  129.5900   44.6100      3.61
    91.9400   34.4100  109.8400   19.0300      3.52
    99.8300   22.9200   87.8000   43.8100      3.59
    99.8300   22.9200  129.5900   44.6100      3.71
    99.8300   22.9200  109.4900   30.2800      3.60
    99.6000   38.5800  116.1700   40.0400      3.65
   122.6000   24.0300  129.5900   44.6100      3.71
   122.6000   24.0300  109.4900   30.2800      3.81
   122.6000   24.0300  102.7400   25.1200      3.71
   119.6100   13.2300  109.8400   19.0300      3.71
   122.6000   24.0300  109.8400   19.0300      3.71
   122.6000   24.0300  119.1700   49.2700      3.80
   122.6000   24.0300   87.8000   43.8100      3.76
   131.3800   29.5500  102.7400   25.1200      3.74
   131.3800   29.5500   87.8000   43.8100      3.72
   131.3800   29.5500  116.1700   40.0400      3.68
   131.3800   29.5500  119.1700   49.2700      3.71
   121.6700   23.8900  102.7400   25.1200      3.74
   121.6700   23.8900   87.8000   43.8100      3.74
   121.6700   23.8900  116.1700   40.0400      3.74
   121.6700   23.8900  119.1700   49.2700      3.78
    99.0700   22.4900   87.8000   43.8100      3.51
    99.0700   22.4900  116.1700   40.0400      3.72
    99.0700   22.4900  119.1700   49.2700      3.71
    99.0700   22.4900  129.5900   44.6100      3.72
    96.9000   26.2800  109.8400   19.0300      3.66
    96.9000   26.2800  109.4900   30.2800      3.63
    96.9000   26.2800  121.1900   31.1000      3.67
   143.4600   40.7200  119.1700   49.2700      3.72
   143.4600   40.7200  129.5900   44.6100      3.57
   143.4600   40.7200   87.8000   43.8100      3.66
   143.4600   40.7200  109.4900   30.2800      3.68
   143.4600   40.7200  102.7400   25.1200      3.73
   126.8100   23.7400  102.7400   25.1200      3.75
   126.8100   23.7400  109.8400   19.0300      3.63
   126.8100   23.7400  129.5900   44.6100      3.63
   123.6600   22.8900  109.4900   30.2800      3.69
   123.6600   22.8900  109.8400   19.0300      3.70
   123.6600   22.8900   87.8000   43.8100      3.73
   123.6600   22.8900  119.1700   49.2700      3.74
   123.6600   22.8900  129.5900   44.6100      3.66
   123.6600   22.8900  102.7400   25.1200      3.77
   119.6100   13.2300   87.8000   43.8100      3.72
   119.6100   13.2300  121.1900   31.1000      3.81
   119.6100   13.2300  109.4900   30.2800      3.69
   119.6100   13.2300  103.8400   36.0900      3.82
   119.6100   13.2300  129.5900   44.6100      3.72
   119.6100   13.2300  102.7400   25.1200      3.71
   106.4000   38.1000  129.5900   44.6100      3.69
   106.4000   38.1000  109.8400   19.0300      3.83
   106.4000   38.1000  119.1700   49.2700      3.65
   106.4000   38.1000   87.8000   43.8100      3.67
    91.5000   24.7000  102.7400   25.1200      3.48
    91.5000   24.7000  129.5900   44.6100      3.69
    91.5000   24.7000   87.8000   43.8100      3.45
    91.5000   24.7000  109.4900   30.2800      3.62
    91.9400   34.4300  109.8400   19.0300      3.52
    91.9400   34.4300  129.5900   44.6100      3.62
    91.9400   34.4300  119.1700   49.2700      3.60
    91.9400   34.4300  121.1900   31.1000      3.53
    91.9400   34.4300  116.1700   40.0400      3.69
    99.9500   22.8100  109.8400   19.0300      3.68
    99.9500   22.8100  129.5900   44.6100      3.72
    99.9500   22.8100  119.1700   49.2700      3.72
    99.9500   22.8100  103.8400   36.0900      3.45
    99.9500   22.8100  121.1900   31.1000      3.73
    99.9500   22.8100  116.1700   40.0400      3.70
    99.9500   22.8100  109.8400   19.0300      3.63
    99.9500   22.8100   87.8000   43.8100      3.51
    99.9500   22.8100  121.1900   31.1000      3.74
    99.9500   22.8100  116.1700   40.0400      3.70
    99.9500   22.8100  109.4900   30.2800      3.66
   121.7300   19.9700  109.4900   30.2800      3.77
   121.7300   19.9700  121.1900   31.1000      3.86
   121.7300   19.9700  116.1700   40.0400      3.76
   121.7300   19.9700  119.1700   49.2700      3.79
   121.7300   19.9700  129.5900   44.6100      3.65
   121.7300   19.9700   87.8000   43.8100      3.75
   121.7300   19.9700  102.7400   25.1200      3.79
   153.7600   46.8700  103.8400   36.0900      3.68
   153.7600   46.8700  116.1700   40.0400      3.69
   153.7600   46.8700  119.1700   49.2700      3.73
   153.7600   46.8700  129.5900   44.6100      3.62
   153.7600   46.8700  109.4900   30.2800      3.63
   153.7600   46.8700   87.8000   43.8100      3.66
   153.7600   46.8700  102.7400   25.1200      3.70
   153.6300   46.9700  103.8400   36.0900      3.67
   153.6300   46.9700  121.1900   31.1000      3.73
   153.6300   46.9700  119.1700   49.2700      3.70
   153.6300   46.9700  129.5900   44.6100      3.61
   153.6300   46.9700   87.8000   43.8100      3.67
   153.6300   46.9700  102.7400   25.1200      3.69
   153.6300   46.9700  109.4900   30.2800      3.69
    94.9900   11.5400  109.4900   30.2800      3.41
    94.9900   11.5400  119.1700   49.2700      3.66
    94.9900   11.5400  129.5900   44.6100      3.72
    94.9900   11.5400  109.8400   19.0300      3.72
    94.9900   11.5400   87.8000   43.8100      3.64
    94.9900   11.5400  103.8400   36.0900      3.54
    94.9900   11.5400  102.7400   25.1200      3.44
    92.0400   37.8800  119.1700   49.2700      3.63
    92.0400   37.8800  129.5900   44.6100      3.69
   119.4400   14.6500  109.4900   30.2800      3.82
   119.4400   14.6500  119.1700   49.2700      3.72
   119.4400   14.6500  129.5900   44.6100      3.68
   119.4400   14.6500  116.1700   40.0400      3.74
   119.4400   14.6500  102.7400   25.1200      3.75
   119.4400   14.6500  121.1900   31.1000      3.70
   119.4400   14.6500   87.8000   43.8100      3.72
   130.7300   29.4900   87.8000   43.8100      3.69
   130.7300   29.4900  109.8400   19.0300      3.64
   130.7300   29.4900  103.8400   36.0900      3.61
   130.7300   29.4900  109.4900   30.2800      3.65
   130.7300   29.4900  119.1700   49.2700      3.68
   130.7300   29.4900  116.1700   40.0400      3.57
   130.7300   29.4900  129.5900   44.6100      3.58
   130.7300   29.4900  102.7400   25.1200      3.68
   139.3600   34.6900  109.4900   30.2800      3.73
   139.3600   34.6900  119.1700   49.2700      3.74
   139.3600   34.6900  121.1900   31.1000      3.72
   139.3600   34.6900  116.1700   40.0400      3.69
   139.3600   34.6900  129.5900   44.6100      3.63
   139.3600   34.6900   87.8000   43.8100      3.68
   139.3600   34.6900  102.7400   25.1200      3.77
   139.3600   34.6900  109.8400   19.0300      3.68
    66.2700   28.7800  109.4900   30.2800      3.53
    66.2700   28.7800  119.1700   49.2700      3.68
    66.2700   28.7800  121.1900   31.1000      3.65
    66.2700   28.7800  103.8400   36.0900      3.43
    66.2700   28.7800  116.1700   40.0400      3.59
    66.2700   28.7800  129.5900   44.6100      3.78
    66.2700   28.7800   87.8000   43.8100      3.70
    66.2700   28.7800  102.7400   25.1200      3.93
    72.9100   36.8400  109.4900   30.2800      3.47
    72.9100   36.8400  119.1700   49.2700      3.64
    72.9100   36.8400  121.1900   31.1000      3.77
    72.9100   36.8400  103.8400   36.0900      3.60
    72.9100   36.8400  116.1700   40.0400      3.72
    72.9100   36.8400  129.5900   44.6100      3.71
    72.9100   36.8400   87.8000   43.8100      3.60
    72.9100   36.8400  109.8400   19.0300      3.42
    72.9500   37.1200  109.4900   30.2800      3.43
    72.9500   37.1200  116.1700   40.0400      3.81
    72.9500   37.1200   87.8000   43.8100      3.98
    72.9500   37.1200  102.7400   25.1200      3.47
    72.9500   37.1200  129.5900   44.6100      3.75
    72.9500   37.1200  119.1700   49.2700      3.69
   146.8500   42.9900  116.1700   40.0400      3.71
   146.8500   42.9900  103.8400   36.0900      3.70
   146.8500   42.9900   87.8000   43.8100      3.70
   146.8500   42.9900  102.7400   25.1200      3.82
   146.8500   42.9900  129.5900   44.6100      3.70
   146.8500   42.9900  121.1900   31.1000      3.75
   146.8500   42.9900  109.8400   19.0300      3.81
   146.8500   42.9900  119.1700   49.2700      3.76
   147.7800   15.1900  121.1900   31.1000      3.71
   147.7800   15.1900  109.4900   30.2800      3.80
   147.7800   15.1900  109.8400   19.0300      3.80
   147.7800   15.1900  129.5900   44.6100      3.80
   147.7800   15.1900   87.8000   43.8100      3.72
   147.7800   15.1900  119.1700   49.2700      3.74
   147.7800   15.1900  102.7400   25.1200      3.81
   147.7800   15.1900  116.1700   40.0400      3.72
   147.7800   15.1900  103.8400   36.0900      3.73
    74.8400   39.6800  121.1900   31.1000      3.72
    74.8400   39.6800  109.4900   30.2800      3.54
    74.8400   39.6800  109.8400   19.0300      3.54
    74.8400   39.6800  129.5900   44.6100      3.68
    74.8400   39.6800   87.8000   43.8100      3.50
    74.8400   39.6800  119.1700   49.2700      3.60
    74.8400   39.6800  102.7400   25.1200      3.50
    74.8400   39.6800  116.1700   40.0400      3.70
    74.8400   39.6800  103.8400   36.0900      3.57
   100.3900   36.0400  109.8400   19.0300      3.70
   100.3900   36.0400  129.5900   44.6100      3.85
   100.3900   36.0400  119.1700   49.2700      3.83
   122.0500   11.7100  109.8400   19.0300      3.88
   122.0500   11.7100  109.4900   30.2800      3.73
   122.0500   11.7100  129.5900   44.6100      3.62
   122.0500   11.7100   87.8000   43.8100      3.69
   122.0500   11.7100  116.1700   40.0400      3.69
   122.0500   11.7100  121.1900   31.1000      3.67
    85.0700   47.9100  109.4900   30.2800      3.77
    85.0700   47.9100  116.1700   40.0400      3.60
    85.0700   47.9100  102.7400   25.1200      3.65
    85.0700   47.9100  129.5900   44.6100      3.73
    85.0700   47.9100  109.8400   19.0300      3.70
   127.9400   27.9600  129.5900   44.6100      3.65
   127.9400   27.9600  109.8400   19.0300      3.49
   127.9400   27.9600  103.8400   36.0900      3.69
   127.9400   27.9600   87.8000   43.8100      3.77
   127.9400   27.9600  116.1700   40.0400      3.68
   127.9400   27.9600  102.7400   25.1200      3.74
    68.5800   27.3500  129.5900   44.6100      3.60
    68.5800   27.3500  121.1900   31.1000      3.50
    68.5800   27.3500  109.8400   19.0300      3.55
    68.5800   27.3500  119.1700   49.2700      3.48
    68.5800   27.3500  102.7400   25.1200      3.49
    68.5800   27.3500  109.4900   30.2800      3.42
   121.2700   15.7600  121.1900   31.1000      3.85
   121.7800   24.4900  103.8400   36.0900      3.69
   121.7800   24.4900  116.1700   40.0400      3.71
   121.7800   24.4900  102.7400   25.1200      3.76
   121.7800   24.4900  109.4900   30.2800      3.76
   121.7800   24.4900  119.1700   49.2700      3.72
   121.7800   24.4900   87.8000   43.8100      3.73
   120.9200   16.5200  109.8400   19.0300      3.81
   120.9200   16.5200  103.8400   36.0900      3.76
   120.9200   16.5200  116.1700   40.0400      3.74
   120.9200   16.5200  102.7400   25.1200      3.69
   120.9200   16.5200  121.1900   31.1000      3.70
   120.9200   16.5200  119.1700   49.2700      3.75
   121.1700   16.4500  109.4900   30.2800      3.81
   121.1700   16.4500  119.1700   49.2700      3.72
   121.1700   16.4500   87.8000   43.8100      3.72
   121.1700   16.4500  102.7400   25.1200      3.75
   121.1700   16.4500  116.1700   40.0400      3.72
   121.1700   16.4500  121.1900   31.1000      3.68
   121.1700   16.4500  103.8400   36.0900      3.80
    65.6800   27.3400  119.1700   49.2700      3.62
    65.6800   27.3400   87.8000   43.8100      3.64
    65.6800   27.3400  116.1700   40.0400      3.57
    65.6800   27.3400  129.5900   44.6100      3.75
    84.9800   48.0400  119.1700   49.2700      3.51
    84.9800   48.0400  116.1700   40.0400      3.60
    84.9800   48.0400  102.7400   25.1200      3.59
    84.9800   48.0400  121.1900   31.1000      3.73
    84.9800   48.0400  109.4900   30.2800      3.73
    84.9800   48.0400  129.5900   44.6100      3.62
    84.9800   48.0400  109.8400   19.0300      3.70
    93.9700    7.6400   87.8000   43.8100      3.65
    93.9700    7.6400  103.8400   36.0900      3.64
    93.9700    7.6400  116.1700   40.0400      3.74
    93.9700    7.6400  102.7400   25.1200      3.59
    93.9700    7.6400  121.1900   31.1000      3.74
    93.9700    7.6400  109.4900   30.2800      3.67
    93.9700    7.6400  129.5900   44.6100      3.73
   138.7600   33.2000  119.1700   49.2700      3.74
   138.7600   33.2000  103.8400   36.0900      3.75
   138.7600   33.2000  109.8400   19.0300      3.71
   138.7600   33.2000  129.5900   44.6100      3.63
   138.7600   33.2000  102.7400   25.1200      3.64
   138.7600   33.2000  121.1900   31.1000      3.69
   138.7600   33.2000  109.4900   30.2800      3.72
   138.7600   33.2000   87.8000   43.8100      3.64
   125.1700   24.2700  109.4900   30.2800      3.81
   125.1700   24.2700  116.1700   40.0400      3.81
   125.1700   24.2700   87.8000   43.8100      3.79
   125.1700   24.2700  102.7400   25.1200      3.77
   125.1700   24.2700  129.5900   44.6100      3.76
   125.1700   24.2700  119.1700   49.2700      3.81
   125.1700   24.2700  109.8400   19.0300      3.75
   103.7300   37.1200  116.1700   40.0400      3.67
   103.7300   37.1200   87.8000   43.8100      3.69
   103.7300   37.1200  121.1900   31.1000      3.70
   103.7300   37.1200  102.7400   25.1200      3.72
   103.7300   37.1200  129.5900   44.6100      3.70
   103.7300   37.1200  119.1700   49.2700      3.70
   103.7300   37.1200  109.8400   19.0300      3.78
   126.6600    8.5200  109.4900   30.2800      3.78
   126.6600    8.5200  116.1700   40.0400      3.76
   126.6600    8.5200   87.8000   43.8100      3.72
   126.6600    8.5200  121.1900   31.1000      3.78
   126.6600    8.5200  102.7400   25.1200      3.71
   126.6600    8.5200  129.5900   44.6100      3.79
   126.6600    8.5200  103.8400   36.0900      3.76
    78.0000   42.9600  116.1700   40.0400      3.68
    78.0000   42.9600  102.7400   25.1200      3.47
    78.0000   42.9600  129.5900   44.6100      3.70
    78.0000   42.9600  119.1700   49.2700      3.62
    78.0000   42.9600  109.8400   19.0300      3.63
    78.0000   42.9600  121.1900   31.1000      3.69
   138.8900   46.1100  116.1700   40.0400      3.72
   138.8900   46.1100  102.7400   25.1200      3.73
   138.8900   46.1100   87.8000   43.8100      3.69
   138.8900   46.1100  119.1700   49.2700      3.80
   138.8900   46.1100  109.8400   19.0300      3.73
   138.8900   46.1100  121.1900   31.1000      3.71
   138.8900   46.1100  103.8400   36.0900      3.68
   138.8900   46.1100  109.4900   30.2800      3.71
   121.5800   23.9400  116.1700   40.0400      3.72
   121.5800   23.9400  102.7400   25.1200      3.75
   121.5800   23.9400   87.8000   43.8100      3.73
   121.5800   23.9400  129.5900   44.6100      3.65
   121.5800   23.9400  119.1700   49.2700      3.74
   121.5800   23.9400  109.8400   19.0300      3.66
   121.5800   23.9400  109.4900   30.2800      3.75
   121.6600   23.7900  129.5900   44.6100      3.66
   121.6600   23.7900  116.1700   40.0400      3.74
   121.6600   23.7900   87.8000   43.8100      3.75
   121.6600   23.7900  109.4900   30.2800      3.80
   121.6600   23.7900  102.7400   25.1200      3.79
    94.0400    8.1500  109.8400   19.0300      3.66
    94.0400    8.1500  129.5900   44.6100      3.77
    94.0400    8.1500  103.8400   36.0900      3.59
    94.0400    8.1500  121.1900   31.1000      3.74
    94.0400    8.1500  109.4900   30.2800      3.76
    94.0400    8.1500  102.7400   25.1200      3.64
   144.2500   41.8800  119.1700   49.2700      3.79
    89.9900   30.0700  119.1700   49.2700      3.63
    89.9900   30.0700  116.1700   40.0400      3.48
    89.9900   30.0700  102.7400   25.1200      3.52
    89.9900   30.0700  109.4900   30.2800      3.45
    89.9900   30.0700  129.5900   44.6100      3.55
    89.9900   30.0700  121.1900   31.1000      3.61
    99.2200   29.9900  119.1700   49.2700      3.61
    99.2200   29.9900  116.1700   40.0400      3.65
    99.2200   29.9900  109.8400   19.0300      3.55
    99.2200   29.9900  109.4900   30.2800      3.88
    99.2200   29.9900  129.5900   44.6100      3.67
    99.2200   29.9900  121.1900   31.1000      3.91
    99.2200   29.9900   87.8000   43.8100      3.52
   122.4400   57.1500  119.1700   49.2700      3.65
   122.4400   57.1500  103.8400   36.0900      3.47
   122.4400   57.1500  116.1700   40.0400      3.63
   122.4400   57.1500  109.8400   19.0300      3.75
   122.4400   57.1500  102.7400   25.1200      3.80
   122.4400   57.1500  109.4900   30.2800      3.66
   122.4400   57.1500  121.1900   31.1000      3.81
   122.4400   57.1500   87.8000   43.8100      3.62
    99.4400   30.0500  129.5900   44.6100      3.68
    99.4400   30.0500  109.4900   30.2800      3.85
    99.4400   30.0500  116.1700   40.0400      3.64
    99.4400   30.0500  109.8400   19.0300      3.59
    99.4400   30.0500   87.8000   43.8100      3.55
    99.4400   30.0500  121.1900   31.1000      3.96
    99.5000   30.0900  116.1700   40.0400      3.63
    99.5000   30.0900  109.8400   19.0300      3.55
    99.5000   30.0900   87.8000   43.8100      3.53
    99.5000   30.0900  129.5900   44.6100      3.66
    99.5600   23.5400  116.1700   40.0400      3.73
    99.5600   23.5400  109.8400   19.0300      3.69
    99.5600   23.5400   87.8000   43.8100      3.61
    99.5600   23.5400  121.1900   31.1000      3.73
    99.5600   23.5400  129.5900   44.6100      3.73
   105.4900   50.0600  109.4900   30.2800      3.74
   105.4900   50.0600  116.1700   40.0400      3.69
   105.4900   50.0600  109.8400   19.0300      3.79
   105.4900   50.0600   87.8000   43.8100      3.56
   105.4900   50.0600  121.1900   31.1000      3.69
   105.4900   50.0600  102.7400   25.1200      3.69
   105.4900   50.0600  129.5900   44.6100      3.77
   122.3100   57.0700  102.7400   25.1200      3.81
   122.3100   57.0700   87.8000   43.8100      3.60
   122.3100   57.0700  109.4900   30.2800      3.68
   122.3100   57.0700  129.5900   44.6100      3.84
   122.3100   57.0700  109.8400   19.0300      3.77
   122.3100   57.0700  116.1700   40.0400      3.76
   122.3100   57.0700  121.1900   31.1000      3.84
   102.3600   20.6700   87.8000   43.8100      3.51
   102.3600   20.6700  109.4900   30.2800      3.75
   102.3600   20.6700  129.5900   44.6100      3.77
   102.3600   20.6700  116.1700   40.0400      3.74
   102.3600   20.6700  121.1900   31.1000      3.81
   121.9300   23.1100  129.5900   44.6100      3.69
   121.9300   23.1100  109.8400   19.0300      3.67
   121.9300   23.1100  121.1900   31.1000      3.67
   121.9300   23.1100  102.7400   25.1200      3.73
   121.9300   23.1100  119.1700   49.2700      3.73
   121.9300   23.1100  116.1700   40.0400      3.77
   122.5800   24.1100  116.1700   40.0400      3.84
   122.5800   24.1100  102.7400   25.1200      3.79
   122.5800   24.1100  129.5900   44.6100      3.73
   122.5800   24.1100   87.8000   43.8100      3.78
   122.5800   24.1100  109.4900   30.2800      3.83
   128.4100   29.5700  116.1700   40.0400      3.63
   128.4100   29.5700  102.7400   25.1200      3.73
   128.4100   29.5700  109.8400   19.0300      3.70
   128.4100   29.5700  129.5900   44.6100      3.68
   128.4100   29.5700   87.8000   43.8100      3.72
   102.4700   31.5800  109.8400   19.0300      3.77
   102.4700   31.5800  129.5900   44.6100      3.73
   102.4700   31.5800   87.8000   43.8100      3.52
   102.4700   31.5800  121.1900   31.1000      3.74
   102.4700   31.5800  119.1700   49.2700      3.61
    98.9100   20.4300  103.8400   36.0900      3.50
    98.9100   20.4300  116.1700   40.0400      3.72
    98.8900   20.3800  116.1700   40.0400      3.71
    98.8900   20.3800  103.8400   36.0900      3.49
    98.8900   20.3800  119.1700   49.2700      3.72
    98.8900   20.3800  109.8400   19.0300      3.63
    98.8900   20.3800   87.8000   43.8100      3.50
    98.8900   20.3800  129.5900   44.6100      3.72
    98.8900   20.3800  121.1900   31.1000      3.70
    98.8900   20.3800  109.4900   30.2800      3.66
   113.8900   39.9000  102.7400   25.1200      3.76
   113.8900   39.9000  109.8400   19.0300      3.77
   113.8900   39.9000   87.8000   43.8100      3.62
   113.8900   39.9000  129.5900   44.6100      3.71
   113.8900   39.9000  121.1900   31.1000      3.65
   113.8900   39.9000  109.4900   30.2800      3.74
   113.9100   39.9100  102.7400   25.1200      3.79
   113.9100   39.9100  109.8400   19.0300      3.78
   113.9100   39.9100   87.8000   43.8100      3.65
   113.9100   39.9100  129.5900   44.6100      3.69
   113.9100   39.9100  121.1900   31.1000      3.67
   113.9100   39.9100  109.4900   30.2800      3.79
   143.5900   39.8600  102.7400   25.1200      3.72
   143.5900   39.8600  121.1900   31.1000      3.67
   143.5900   39.8600  129.5900   44.6100      3.64
   143.5900   39.8600  109.4900   30.2800      3.70
   143.5900   39.8600  116.1700   40.0400      3.68
   143.5900   39.8600   87.8000   43.8100      3.69
   143.5900   39.8600  119.1700   49.2700      3.76
   143.5900   39.8600  103.8400   36.0900      3.70
   143.3900   39.5500  109.8400   19.0300      3.73
   143.3900   39.5500  103.8400   36.0900      3.72
   143.3900   39.5500  116.1700   40.0400      3.71
   143.3900   39.5500   87.8000   43.8100      3.71
   143.3900   39.5500  121.1900   31.1000      3.68
   143.3900   39.5500  119.1700   49.2700      3.79
   143.3900   39.5500  109.4900   30.2800      3.70
   143.3900   39.5500  102.7400   25.1200      3.73
   143.3900   39.5500  129.5900   44.6100      3.70
   143.1000   39.3200  109.8400   19.0300      3.69
   143.1000   39.3200  129.5900   44.6100      3.59
   125.5100   25.8300  121.1900   31.1000      3.65
   125.5100   25.8300  119.1700   49.2700      3.74
   125.5100   25.8300  102.7400   25.1200      3.84
   125.5100   25.8300  109.4900   30.2800      3.70
   125.5100   25.8300  129.5900   44.6100      3.67
   125.5100   25.8300  103.8400   36.0900      3.69
   125.5100   25.8300  109.8400   19.0300      3.70
   125.5100   25.8300  116.1700   40.0400      3.67
   125.5100   25.8300   87.8000   43.8100      3.73
   126.9000    8.5600  119.1700   49.2700      3.71
   126.9000    8.5600  129.5900   44.6100      3.70
   126.9000    8.5600  116.1700   40.0400      3.70
   126.9000    8.5600   87.8000   43.8100      3.70
   126.9000    8.5600  103.8400   36.0900      3.75
   126.9000    8.5600  109.4900   30.2800      3.72
   126.8000    8.2700  102.7400   25.1200      3.70
   126.8000    8.2700  109.4900   30.2800      3.82
   126.8000    8.2700  109.8400   19.0300      3.67
   126.8000    8.2700   87.8000   43.8100      3.72
    96.0000   23.5000   87.8000   43.8100      3.41
    96.0000   23.5000  121.1900   31.1000      3.70
    96.0000   23.5000  116.1700   40.0400      3.64
    96.0000   23.5000  119.1700   49.2700      3.61
    96.0000   23.5000  109.8400   19.0300      3.48
    96.0000   23.5000  129.5900   44.6100      3.68
    96.0000   23.5000  109.4900   30.2800      3.78
   105.8200   40.5700   87.8000   43.8100      3.73
   105.8200   40.5700  121.1900   31.1000      3.78
   105.8200   40.5700  116.1700   40.0400      3.55
   105.8200   40.5700  119.1700   49.2700      3.70
   105.8200   40.5700  129.5900   44.6100      3.73
   105.8200   40.5700  109.4900   30.2800      3.50
   121.2800   23.6900  102.7400   25.1200      3.76
   121.2800   23.6900   87.8000   43.8100      3.69
   121.2800   23.6900  116.1700   40.0400      3.79
   121.2800   23.6900  119.1700   49.2700      3.77
   121.2800   23.6900  109.8400   19.0300      3.70
   121.2800   23.6900  129.5900   44.6100      3.69
   121.2800   23.6900  109.4900   30.2800      3.68
   154.3500   48.3000  121.1900   31.1000      3.74
   154.3500   48.3000  129.5900   44.6100      3.78
   154.3500   48.3000  109.4900   30.2800      3.71
   154.3500   48.3000   87.8000   43.8100      3.78
   154.3500   48.3000  116.1700   40.0400      3.74
   154.3500   48.3000  103.8400   36.0900      3.71
   154.3500   48.3000  109.8400   19.0300      3.74
   154.3500   48.3000  102.7400   25.1200      3.77
    78.9900   40.3000   87.8000   43.8100      3.77
    78.9900   40.3000  119.1700   49.2700      3.65
    78.9900   40.3000  116.1700   40.0400      3.73
    78.9900   40.3000  109.8400   19.0300      3.52
    78.9900   40.3000  102.7400   25.1200      3.44
    78.9900   40.3000  129.5900   44.6100      3.76
    78.9900   40.3000  121.1900   31.1000      3.74
    78.9900   40.3000  109.4900   30.2800      3.65
    91.8400   34.4700   87.8000   43.8100      3.69
    91.8400   34.4700  119.1700   49.2700      3.62
    91.8400   34.4700  109.4900   30.2800      3.45
    91.8400   34.4700  109.8400   19.0300      3.56
    91.8400   34.4700  102.7400   25.1200      3.41
    91.8400   34.4700  121.1900   31.1000      3.56
   120.0600   23.2200  102.7400   25.1200      3.75
   120.0600   23.2200  129.5900   44.6100      3.68
   120.0600   23.2200   87.8000   43.8100      3.49
   120.0600   23.2200  119.1700   49.2700      3.75
   120.0600   23.2200  116.1700   40.0400      3.78
   113.8700   39.9000  102.7400   25.1200      3.78
   113.8700   39.9000  121.1900   31.1000      3.67
   113.8700   39.9000  129.5900   44.6100      3.69
   113.8700   39.9000  109.4900   30.2800      3.79
   121.6700   21.8200  102.7400   25.1200      3.74
   121.6700   21.8200  121.1900   31.1000      3.64
   121.6700   21.8200  129.5900   44.6100      3.66
   121.6700   21.8200   87.8000   43.8100      3.75
   121.6700   21.8200  109.4900   30.2800      3.70
   121.6700   21.8200  119.1700   49.2700      3.71
   121.6700   21.8200  116.1700   40.0400      3.79
    95.5700   15.8100  129.5900   44.6100      3.74
    95.5700   15.8100   87.8000   43.8100      3.52
    95.5700   15.8100  121.1900   31.1000      3.78
    95.5700   15.8100  116.1700   40.0400      3.71
    95.5700   15.8100  109.4900   30.2800      3.73
    95.5700   15.8100  102.7400   25.1200      3.64
    95.5700   15.8100  109.8400   19.0300      3.73
    95.6300   15.8100  121.1900   31.1000      3.77
   101.0400   27.1500   87.8000   43.8100      3.48
   101.0400   27.1500  121.1900   31.1000      3.81
   101.0400   27.1500  129.5900   44.6100      3.73
    68.4000   37.4800   87.8000   43.8100      3.59
    68.4000   37.4800  129.5900   44.6100      3.68
    68.4000   37.4800  109.4900   30.2800      3.45
    68.4000   37.4800  102.7400   25.1200      3.41
    68.4000   37.4800  116.1700   40.0400      3.68
   126.8300    9.2400  109.4900   30.2800      3.79
   126.8300    9.2400  102.7400   25.1200      3.67
   126.8300    9.2400  109.8400   19.0300      3.78
   126.8300    9.2400  103.8400   36.0900      3.76
   126.8300    9.2400  119.1700   49.2700      3.76
   126.8300    9.2400   87.8000   43.8100      3.71
   126.8300    9.2400  129.5900   44.6100      3.76
   144.6800   39.5400  109.4900   30.2800      3.64
   144.6800   39.5400  102.7400   25.1200      3.68
   144.6800   39.5400  116.1700   40.0400      3.65
   144.6800   39.5400  109.8400   19.0300      3.63
   144.6800   39.5400  103.8400   36.0900      3.66
   144.6800   39.5400   87.8000   43.8100      3.68
   144.6800   39.5400  129.5900   44.6100      3.74
   144.6800   39.5400  121.1900   31.1000      3.59
   105.6300   51.6400  109.4900   30.2800      3.71
   105.6300   51.6400  103.8400   36.0900      3.72
   105.6300   51.6400  121.1900   31.1000      3.61
    95.4200    4.0300  103.8400   36.0900      3.59
    95.4200    4.0300   87.8000   43.8100      3.63
    95.4200    4.0300  102.7400   25.1200      3.65
    95.4200    4.0300  121.1900   31.1000      3.73
    95.4200    4.0300  109.4900   30.2800      3.75
    95.4200    4.0300  109.8400   19.0300      3.67
    95.4200    4.0300  129.5900   44.6100      3.76
    95.4200    4.0300  116.1700   40.0400      3.74
    85.0400   47.0800  103.8400   36.0900      3.60
    85.0400   47.0800  109.4900   30.2800      3.74
    85.0400   47.0800  116.1700   40.0400      3.76
    85.0400   47.0800  129.5900   44.6100      3.72
    85.0400   47.0800  109.8400   19.0300      3.62
   114.8900   55.7600   87.8000   43.8100      3.82
   114.8900   55.7600  119.1700   49.2700      3.48
   114.8900   55.7600  103.8400   36.0900      3.66
   114.8900   55.7600  121.1900   31.1000      3.71
   114.8900   55.7600  116.1700   40.0400      3.67
   114.8900   55.7600  129.5900   44.6100      3.70
   114.8900   55.7600  109.8400   19.0300      3.77
    94.4500    7.0300   87.8000   43.8100      3.58
    94.4500    7.0300  119.1700   49.2700      3.74
    94.4500    7.0300  103.8400   36.0900      3.56
    94.4500    7.0300  121.1900   31.1000      3.71
    94.4500    7.0300  116.1700   40.0400      3.75
    94.4500    7.0300  109.4900   30.2800      3.83
    94.4500    7.0300  102.7400   25.1200      3.64
    94.4500    7.0300  129.5900   44.6100      3.73
    94.4500    7.0300  109.8400   19.0300      3.72
   133.3200   35.3300  121.1900   31.1000      3.85
   133.3200   35.3300  116.1700   40.0400      3.72
   133.3200   35.3300  109.4900   30.2800      3.74
   133.3200   35.3300  102.7400   25.1200      3.86
   133.3200   35.3300  129.5900   44.6100      3.75
   133.3200   35.3300   87.8000   43.8100      3.72
   133.3200   35.3300  119.1700   49.2700      3.80
   133.3200   35.3300  103.8400   36.0900      3.73
   138.8900   33.5800  121.1900   31.1000      3.69
   138.8900   33.5800  116.1700   40.0400      3.70
   138.8900   33.5800  109.4900   30.2800      3.73
   138.8900   33.5800  102.7400   25.1200      3.72
   138.8900   33.5800  109.8400   19.0300      3.69
   138.8900   33.5800   87.8000   43.8100      3.72
   138.8900   33.5800  119.1700   49.2700      3.76
   138.8900   33.5800  103.8400   36.0900      3.74
   111.2200   54.9600  121.1900   31.1000      3.67
   111.2200   54.9600  116.1700   40.0400      3.70
   111.2200   54.9600  109.4900   30.2800      3.65
   111.2200   54.9600   87.8000   43.8100      3.60
   111.2200   54.9600  103.8400   36.0900      3.85
   111.2200   54.9600  119.1700   49.2700      3.48
   111.2200   54.9600  129.5900   44.6100      3.70
   104.9900   40.2600  119.1700   49.2700      3.56
   104.9900   40.2600  129.5900   44.6100      3.60
   104.9900   40.2600   87.8000   43.8100      3.58
   104.9900   40.2600  121.1900   31.1000      3.82
   104.9900   40.2600  109.4900   30.2800      3.86
   104.9900   40.2600  116.1700   40.0400      3.56
   104.9900   40.2600  102.7400   25.1200      3.62
   101.3800   37.8500  129.5900   44.6100      3.70
   101.3800   37.8500  121.1900   31.1000      3.68
   101.3800   37.8500  102.7400   25.1200      3.53
   101.3800   37.8500  119.1700   49.2700      3.67
   101.3800   37.8500  109.8400   19.0300      3.70
   101.3800   37.8500   87.8000   43.8100      3.52
   104.3300   21.2900  103.8400   36.0900      3.67
   104.3300   21.2900  121.1900   31.1000      3.81
   104.3300   21.2900  119.1700   49.2700      3.77
    78.9000   30.8100  129.5900   44.6100      3.57
    78.9000   30.8100  121.1900   31.1000      3.51
    78.9000   30.8100  116.1700   40.0400      3.42
    70.7200   26.3800  102.7400   25.1200      3.81
    70.7200   26.3800  116.1700   40.0400      3.49
    70.7200   26.3800  103.8400   36.0900      3.46
    70.7200   26.3800  109.8400   19.0300      3.77
   126.6000    8.5900  129.5900   44.6100      3.80
   126.6000    8.5900  116.1700   40.0400      3.76
   126.6000    8.5900  103.8400   36.0900      3.77
   126.6000    8.5900  121.1900   31.1000      3.77
   126.6000    8.5900  102.7400   25.1200      3.72
   126.6000    8.5900  109.4900   30.2800      3.78
   126.6000    8.5900   87.8000   43.8100      3.72
   142.5100   42.1400  129.5900   44.6100      3.63
   142.5100   42.1400  116.1700   40.0400      3.66
   142.5100   42.1400  103.8400   36.0900      3.68
   142.5100   42.1400  109.8400   19.0300      3.80
   142.5100   42.1400  121.1900   31.1000      3.66
   142.5100   42.1400  102.7400   25.1200      3.79
   142.5100   42.1400  109.4900   30.2800      3.75
   142.5100   42.1400   87.8000   43.8100      3.69
   151.2000   45.5200  129.5900   44.6100      3.72
   151.2000   45.5200  116.1700   40.0400      3.73
   151.2000   45.5200  103.8400   36.0900      3.71
   151.2000   45.5200  121.1900   31.1000      3.80
   151.2000   45.5200  102.7400   25.1200      3.85
   151.2000   45.5200  109.4900   30.2800      3.82
   151.2000   45.5200   87.8000   43.8100      3.71
   151.2000   45.5200   91.1200   29.7000      3.68
   151.3700   45.6200  103.8400   36.0900      3.69
   151.3700   45.6200  109.4900   30.2800      3.79
   151.3700   45.6200  121.1900   31.1000      3.75
   151.3700   45.6200  129.5900   44.6100      3.66
   151.3700   45.6200  116.1700   40.0400      3.70
   151.3700   45.6200  102.7400   25.1200      3.81
   151.3700   45.6200   87.8000   43.8100      3.69
    98.2800   51.1200  129.5900   44.6100      3.64
    98.2800   51.1200  109.8400   19.0300      3.84
    98.2800   51.1200  121.1900   31.1000      3.66
    98.2800   51.1200   87.8000   43.8100      3.54
    98.2800   51.1200  102.7400   25.1200      3.85
    98.2800   51.1200  109.4900   30.2800      3.67
    98.2800   51.1200  116.1700   40.0400      3.65
    98.2800   51.1200   91.1200   29.7000      3.48
    98.0000   51.0700  103.8400   36.0900      3.60
    98.0000   51.0700  129.5900   44.6100      3.74
    98.0000   51.0700  109.4900   30.2800      3.61
    98.0000   51.0700   87.8000   43.8100      3.59
    98.0000   51.0700  102.7400   25.1200      3.76
   127.9500   28.2400  103.8400   36.0900      3.70
   127.9500   28.2400  116.1700   40.0400      3.68
   127.9500   28.2400  102.7400   25.1200      3.74
   127.9500   28.2400  129.5900   44.6100      3.71
   127.9500   28.2400  119.1700   49.2700      3.74
   127.7300   28.0400  109.8400   19.0300      3.81
   127.7300   28.0400  116.1700   40.0400      3.63
   127.7300   28.0400  129.5900   44.6100      3.73
   127.7300   28.0400  103.8400   36.0900      3.66
   127.7300   28.0400  102.7400   25.1200      3.66
   127.7300   28.0400  121.1900   31.1000      3.51
   127.7300   28.0400  119.1700   49.2700      3.73
    96.0200   24.0200  129.5900   44.6100      3.67
    96.0200   24.0200  102.7400   25.1200      3.57
    96.0200   24.0200  121.1900   31.1000      3.72
    96.0200   24.0200  109.4900   30.2800      3.64
    96.0200   24.0200   87.8000   43.8100      3.64
    96.0200   24.0200  119.1700   49.2700      3.61
    96.0200   24.0200  109.8400   19.0300      3.60
   149.4500   44.6500  129.5900   44.6100      3.68
   149.4500   44.6500  103.8400   36.0900      3.72
   149.4500   44.6500  102.7400   25.1200      3.83
   149.4500   44.6500  121.1900   31.1000      3.80
   149.4500   44.6500  109.4900   30.2800      3.86
   149.4500   44.6500   87.8000   43.8100      3.71
   149.4500   44.6500  119.1700   49.2700      3.77
   149.4500   44.6500  116.1700   40.0400      3.71
   149.4500   44.6500   91.1200   29.7000      3.65
   142.0600   41.4200  129.5900   44.6100      3.73
   142.0600   41.4200  119.1700   49.2700      3.91
   142.0600   41.4200  102.7400   25.1200      3.82
   142.0600   41.4200  116.1700   40.0400      3.71
   142.0600   41.4200  109.4900   30.2800      3.78
   142.0600   41.4200  121.1900   31.1000      3.68
   142.0600   41.4200   91.1200   29.7000      3.58
   142.0600   41.4200  103.8400   36.0900      3.71
   142.0600   41.4200   87.8000   43.8100      3.71
   143.2400   39.2300  102.7400   25.1200      3.74
   143.2400   39.2300  116.1700   40.0400      3.74
   143.2400   39.2300  109.4900   30.2800      3.71
   143.2400   39.2300  121.1900   31.1000      3.70
   143.2400   39.2300   91.1200   29.7000      3.62
   143.2400   39.2300   87.8000   43.8100      3.73
   143.2400   39.2300  119.1700   49.2700      3.81
   143.2400   39.2300  129.5900   44.6100      3.73
   143.2400   39.2300  103.8400   36.0900      3.74
   143.0400   39.3400  102.7400   25.1200      3.76
   143.0400   39.3400  116.1700   40.0400      3.72
   143.0400   39.3400  109.8400   19.0300      3.71
   143.0400   39.3400  109.4900   30.2800      3.73
   143.0400   39.3400  121.1900   31.1000      3.71
   143.0400   39.3400   91.1200   29.7000      3.62
   143.0400   39.3400   87.8000   43.8100      3.75
   143.0400   39.3400  119.1700   49.2700      3.81
   117.8700   56.7400  109.8400   19.0300      3.82
   117.8700   56.7400  121.1900   31.1000      3.79
   117.8700   56.7400   91.1200   29.7000      3.45
   117.8700   56.7400  129.5900   44.6100      3.75
   117.8700   56.7400   87.8000   43.8100      3.60
    72.4400   41.0800   87.8000   43.8100      3.62
   149.1600   44.6200   91.1200   29.7000      3.63
   149.1600   44.6200  103.8400   36.0900      3.71
   149.1600   44.6200  119.1700   49.2700      3.77
   149.1600   44.6200  102.7400   25.1200      3.80
   138.0800    9.0700  129.5900   44.6100      3.79
   138.0800    9.0700  116.1700   40.0400      3.76
   138.0800    9.0700  102.7400   25.1200      3.80
   142.0900   29.4400  119.1700   49.2700      3.65
   142.0900   29.4400  129.5900   44.6100      3.63
   142.0900   29.4400  102.7400   25.1200      3.64
   142.0900   29.4400   87.8000   43.8100      3.61
   147.1700   15.9300  119.1700   49.2700      3.77
   147.1700   15.9300  129.5900   44.6100      3.77
   147.1700   15.9300  102.7400   25.1200      3.82
   147.1700   15.9300   87.8000   43.8100      3.70
   147.1700   15.9300  109.4900   30.2800      3.86
   147.1700   15.9300  116.1700   40.0400      3.70
   147.1700   15.9300  121.1900   31.1000      3.70
   147.7100   15.2700  119.1700   49.2700      3.73
   147.7100   15.2700  129.5900   44.6100      3.79
   147.7100   15.2700  102.7400   25.1200      3.88
   147.7100   15.2700   87.8000   43.8100      3.72
   147.7100   15.2700  103.8400   36.0900      3.76
   147.7100   15.2700  109.8400   19.0300      3.77
   147.7100   15.2700  116.1700   40.0400      3.73
   147.7100   15.2700  121.1900   31.1000      3.74
    95.2300   12.5700  102.7400   25.1200      3.66
    95.2300   12.5700   87.8000   43.8100      3.58
    95.2300   12.5700  103.8400   36.0900      3.66
    95.2300   12.5700  129.5900   44.6100      3.72
    95.2300   12.5700  109.8400   19.0300      3.70
    95.2300   12.5700  116.1700   40.0400      3.69
    95.2300   12.5700  109.4900   30.2800      3.69
    95.2300   12.5700  121.1900   31.1000      3.73
    96.3000   15.1300  102.7400   25.1200      3.57
    96.3000   15.1300  103.8400   36.0900      3.58
    96.3000   15.1300  109.8400   19.0300      3.73
    96.3000   15.1300  116.1700   40.0400      3.68
    96.3000   15.1300  109.4900   30.2800      3.66
    96.3000   15.1300  121.1900   31.1000      3.75
    94.0500    8.4500  129.5900   44.6100      3.75
    94.0500    8.4500  121.1900   31.1000      3.75
    94.0500    8.4500  109.8400   19.0300      3.67
   142.7800   24.8300  129.5900   44.6100      3.58
   142.7800   24.8300  121.1900   31.1000      3.61
   142.7800   24.8300  109.4900   30.2800      3.68
   142.7800   24.8300  109.8400   19.0300      3.73
   142.7800   24.8300   87.8000   43.8100      3.67
   142.7800   24.8300  103.8400   36.0900      3.62
   142.7800   24.8300  102.7400   25.1200      3.66
   144.1200   12.7400  121.1900   31.1000      3.80
   144.1200   12.7400  116.1700   40.0400      3.77
   144.1200   12.7400  109.4900   30.2800      3.83
   144.1200   12.7400  109.8400   19.0300      3.78
   144.1200   12.7400   87.8000   43.8100      3.78
   144.1200   12.7400  103.8400   36.0900      3.77
   144.1200   12.7400  102.7400   25.1200      3.80
    87.0000    9.2600  129.5900   44.6100      3.72
    87.0000    9.2600  109.8400   19.0300      3.70
    87.0000    9.2600   87.8000   43.8100      3.71
    87.0000    9.2600  102.7400   25.1200      3.71
    87.0000    9.2600  119.1700   49.2700      3.72
    87.0000    9.2600   91.1200   29.7000      3.81
    87.0000    9.2600  109.4900   30.2800      3.68
   145.3900   13.0100  109.4900   30.2800      3.80
   145.3900   13.0100  121.1900   31.1000      3.73
   145.3900   13.0100  109.8400   19.0300      3.78
   145.3900   13.0100  129.5900   44.6100      3.69
   145.3900   13.0100   87.8000   43.8100      3.76
   145.3900   13.0100  116.1700   40.0400      3.74
   145.3900   13.0100  102.7400   25.1200      3.79
   145.3900   13.0100  103.8400   36.0900      3.74
   142.7100   27.2800  109.4900   30.2800      3.70
   142.7100   27.2800  121.1900   31.1000      3.64
   142.7100   27.2800  129.5900   44.6100      3.64
   142.7100   27.2800   87.8000   43.8100      3.70
   142.7100   27.2800  116.1700   40.0400      3.68
   142.7100   27.2800  102.7400   25.1200      3.71
   142.7100   27.2800  103.8400   36.0900      3.66
   142.7100   27.2800  119.1700   49.2700      3.74
   141.5500   31.0300  109.4900   30.2800      3.67
   141.5500   31.0300  121.1900   31.1000      3.64
   141.5500   31.0300  109.8400   19.0300      3.71
   141.5500   31.0300  129.5900   44.6100      3.72
   141.5500   31.0300   87.8000   43.8100      3.68
   141.5500   31.0300  116.1700   40.0400      3.69
   141.5500   31.0300  103.8400   36.0900      3.69
   141.5500   31.0300  119.1700   49.2700      3.76
   141.5200   32.5200  119.1700   49.2700      3.70
   141.5200   32.5200   87.8000   43.8100      3.67
   141.5200   32.5200  121.1900   31.1000      3.63
   141.5200   32.5200  109.4900   30.2800      3.66
   141.5200   32.5200  102.7400   25.1200      3.70
   141.5200   32.5200  103.8400   36.0900      3.69
   141.3100   32.5200  102.7400   25.1200      3.70
   141.3100   32.5200  109.4900   30.2800      3.66
   141.3100   32.5200  129.5900   44.6100      3.65
   141.3100   32.5200  121.1900   31.1000      3.64
   141.3100   32.5200   87.8000   43.8100      3.68
   141.3100   32.5200  109.8400   19.0300      3.70
   141.3100   32.5200  116.1700   40.0400      3.70
   141.3100   32.5200  119.1700   49.2700      3.74
   141.4000   25.4900  102.7400   25.1200      3.80
   141.4000   25.4900  103.8400   36.0900      3.74
   141.4000   25.4900  109.4900   30.2800      3.79
   141.4000   25.4900  129.5900   44.6100      3.65
   141.4000   25.4900  121.1900   31.1000      3.75
   141.4000   25.4900   87.8000   43.8100      3.75
   141.4000   25.4900  119.1700   49.2700      3.73
    93.5000    9.3700  102.7400   25.1200      3.53
    93.5000    9.3700  103.8400   36.0900      3.49
    93.5000    9.3700  109.4900   30.2800      3.53
    93.5000    9.3700  129.5900   44.6100      3.63
    93.5000    9.3700  121.1900   31.1000      3.66
    93.5000    9.3700  109.8400   19.0300      3.80
    93.5000    9.3700  116.1700   40.0400      3.68
   141.9300   12.6000  109.4900   30.2800      3.82
   141.9300   12.6000  109.8400   19.0300      3.80
   141.9300   12.6000  103.8400   36.0900      3.77
   141.9300   12.6000  119.1700   49.2700      3.81
   141.9300   12.6000  102.7400   25.1200      3.81
   141.9300   12.6000  116.1700   40.0400      3.75
   141.9300   12.6000   91.1200   29.7000      3.74
    98.3700   39.7700   91.1200   29.7000      3.38
    98.3700   39.7700  119.1700   49.2700      3.61
    98.3700   39.7700   87.8000   43.8100      3.63
    98.3700   39.7700  102.7400   25.1200      3.40
    98.3700   39.7700  116.1700   40.0400      3.76
    66.2300   27.5200  103.8400   36.0900      3.45
    66.2300   27.5200  129.5900   44.6100      3.74
    66.2300   27.5200   91.1200   29.7000      3.68
    66.2300   27.5200  119.1700   49.2700      3.66
    66.2300   27.5200   87.8000   43.8100      3.69
    66.2300   27.5200  116.1700   40.0400      3.57
    67.4000   26.5800  103.8400   36.0900      3.53
    67.4000   26.5800   91.1200   29.7000      3.65
    67.4000   26.5800   87.8000   43.8100      3.70
    67.4000   26.5800  102.7400   25.1200      3.82
   121.2700   35.3100  119.1700   49.2700      3.90
   121.2700   35.3100  102.7400   25.1200      3.80
   121.2700   35.3100   91.1200   29.7000      3.54
   121.2700   35.3100  103.8400   36.0900      3.68
   121.2700   35.3100  129.5900   44.6100      3.62
   121.2700   35.3100   87.8000   43.8100      3.72
    87.0000    9.2600  121.4900   24.9800      3.65
    87.0000    9.2600   98.9800   18.7900      3.58
   109.0500   53.9100  121.4900   24.9800      3.60
   109.0500   53.9100   98.9800   18.7900      3.48
   148.7600   44.5300  121.4900   24.9800      3.59
   148.7600   44.5300   98.9800   18.7900      3.79
   123.5800   23.6100   98.9800   18.7900      3.60
    66.2100   27.4600  138.2100   36.5400      3.60
    66.2100   27.4600  121.4900   24.9800      3.69
    66.2100   27.4600   98.9800   18.7900      3.71
   144.3900   41.3400  121.4900   24.9800      3.57
   144.3900   41.3400   98.9800   18.7900      3.64
   144.3900   41.3400  144.8700   13.5900      3.97
    72.9200   37.1500   98.9800   18.7900      3.51
    72.9200   37.1500  121.4900   24.9800      3.49
   126.9400    7.5100  138.2100   36.5400      3.88
    71.2600   33.1300   98.9800   18.7900      3.69
    71.2600   33.1300  121.4900   24.9800      3.44
    90.2400   29.6100  138.2100   36.5400      3.58
    90.2400   29.6100  144.8700   13.5900      3.75
   141.5200   32.5200   98.9800   18.7900      3.62
    67.2700   36.9200  144.8700   13.5900      3.68
   123.3400    8.0300  144.8700   13.5900      3.82
   149.4400   44.6800  142.7500   46.9500      3.74
   149.4400   44.6800  138.2100   36.5400      3.97
   122.5400   24.1000  144.8700   13.5900      3.83
    93.9200   21.5100  142.7500   46.9500      3.64
    93.9200   21.5100  144.8700   13.5900      3.69
    93.9200   21.5100  121.4900   24.9800      3.59
   142.4100   37.9100  144.8700   13.5900      3.69
   142.4100   37.9100  121.4900   24.9800      3.92
    96.3200   18.0000  138.2100   36.5400      3.71
   150.0900   44.8600  121.4900   24.9800      3.66
   150.0900   44.8600   98.9800   18.7900      3.84
   150.0900   44.8600  138.2100   36.5400      3.78
   145.9700   43.7500  121.4900   24.9800      3.68
   145.9700   43.7500   98.9800   18.7900      3.82
   145.9700   43.7500  138.2100   36.5400      3.65
   144.6900   14.7500  158.6500   53.0235      3.95
   144.6900   14.7500  121.4880   24.9754      3.50
   144.6900   14.7500  138.2070   36.5425      3.64
   144.6900   14.7500  125.5750    7.0878      3.80
   144.6900   14.7500  142.7610   46.9583      3.85
   126.3600    8.0800  121.4880   24.9754      3.83
   142.5800   22.5800  126.6330   37.4833      3.62
   142.4900   22.5800  121.4880   24.9754      3.70
   142.4900   22.5800  143.1570   42.0150      3.86
   142.8000   41.7400   87.6950   43.8211      3.74
   142.8000   41.7400  102.7400   25.1233      3.81
   142.8000   41.7400  103.8444   36.0867      3.63
   142.8000   41.7400  121.1860   31.0951      3.68
   142.8000   41.7400  119.7420   49.2667      3.86
   142.8000   41.7400  129.5920   44.6164      3.75
   142.8000   41.7400   74.4940   42.6390      3.75
   142.8000   41.7400   70.2828   53.0581      3.82
   142.8000   41.7400   78.6202   50.7154      3.76
   142.8000   41.7400   81.9770   46.8080      3.77
   142.8000   41.7400  103.6438   51.6807      3.78
   142.8000   41.7400  108.9240   34.0313      3.73
   142.8000   41.7400  107.0530   47.8652      3.80
   142.8000   41.7400  121.4880   24.9754      3.65
   142.8000   41.7400  150.7700   59.5756      3.77
   142.8000   41.7400  126.6330   37.4833      3.76
   130.0000   28.9600  121.4880   24.9754      3.51
    68.7000   29.4300  109.8430   19.0294      3.69
    68.7000   29.4300  108.9240   34.0313      3.48
    68.7000   29.4300  102.7400   25.1233      3.77
    68.7000   29.4300   70.2828   53.0581      3.72
    68.7000   29.4300   78.6202   50.7154      3.62
    68.7000   29.4300   87.6950   43.8211      3.70
    68.7000   29.4300   81.9770   46.8080      3.54
    68.7000   29.4300   74.4940   42.6390      3.48
   142.7300   22.3600   70.2828   53.0581      3.68
   142.7300   22.3600   73.2686   33.6506      3.58
   142.7300   22.3600   74.4940   42.6390      3.71
   142.7300   22.3600   87.6950   43.8211      3.74
   142.7300   22.3600   91.1500   29.7000      3.67
   142.7300   22.3600  107.0530   47.8652      3.72
   142.7300   22.3600  102.7400   25.1233      3.76
   142.7300   22.3600  142.7610   46.9583      3.88
   142.7300   22.3600  126.6330   37.4833      3.68
   142.7300   22.3600  121.4880   24.9754      3.76
   142.7300   22.3600  143.1570   42.0150      3.91
   121.6600   10.1800  150.7700   59.5756      3.71
   121.6600   10.1800  143.1570   42.0150      3.80
   121.6600   10.1800   91.1500   29.7000      3.67
   121.6600   10.1800  102.7400   25.1233      3.76
   121.6600   10.1800  109.8430   19.0294      3.58
    76.8600   39.5100  103.6438   51.6807      3.60
    76.8600   39.5100   70.2828   53.0581      3.53
    76.8600   39.5100   78.6202   50.7154      3.61
    76.8600   39.5100   87.6950   43.8211      3.62
    96.7000   25.6100  138.2070   36.5425      3.69
    96.7000   25.6100   78.6202   50.7154      3.54
    96.7000   25.6100  121.4880   24.9754      3.69
    96.7000   25.6100  121.1860   31.0951      3.70
    96.7000   25.6100  108.9240   34.0313      3.52
    96.7000   25.6100  102.7400   25.1233      3.47
    96.7000   25.6100   87.6950   43.8211      3.44
    87.3100   35.0400  158.6500   53.0235      3.73
    87.3100   35.0400  150.7700   59.5756      3.70
    87.3100   35.0400  129.5920   44.6164      3.67
    87.3100   35.0400  121.4880   24.9754      3.52
    87.3100   35.0400  121.1860   31.0951      3.46
    87.3100   35.0400  119.7420   49.2667      3.71
    87.3100   35.0400  116.1680   40.0183      3.63
    87.3100   35.0400   70.2828   53.0581      3.65
    87.3100   35.0400   98.9769   18.7900      3.47
    87.3100   35.0400   78.6202   50.7154      3.58
    87.3100   35.0400  102.7400   25.1233      3.42
    87.3100   35.0400   74.4940   42.6390      3.46
    87.3100   35.0400   81.9770   46.8080      3.39
    87.3100   35.0400   87.6950   43.8211      3.40
    97.0900   30.2100   70.2828   53.0581      3.63
    97.0900   30.2100   78.6202   50.7154      3.57
    97.0900   30.2100   74.4940   42.6390      3.46
    97.0900   30.2100  109.8430   19.0294      3.44
    97.0900   30.2100   87.6950   43.8211      3.49
    92.1900   25.0700  150.7700   59.5756      3.67
    92.1900   25.0700  143.1570   42.0150      3.69
    92.1900   25.0700  129.5920   44.6164      3.69
    92.1900   25.0700  119.7420   49.2667      3.63
    92.1900   25.0700  126.6330   37.4833      3.74
    92.1900   25.0700  103.6438   51.6807      3.53
    92.1900   25.0700  121.4880   24.9754      3.71
    92.1900   25.0700  121.1860   31.0951      3.75
    92.1900   25.0700  107.0530   47.8652      3.61
    92.1900   25.0700  116.1680   40.0183      3.65
    92.1900   25.0700  109.8430   19.0294      3.50
    92.1900   25.0700  108.9240   34.0313      3.69
    92.1900   25.0700  102.7400   25.1233      3.71
    92.1900   25.0700   87.6950   43.8211      3.50
    92.1900   25.0700   70.2828   53.0581      3.63
    80.4500   29.9300  150.7700   59.5756      3.76
    80.4500   29.9300  143.1570   42.0150      3.63
    80.4500   29.9300  129.5920   44.6164      3.60
    80.4500   29.9300  121.4880   24.9754      3.68
    80.4500   29.9300  119.7420   49.2667      3.61
    80.4500   29.9300  121.1860   31.0951      3.68
    80.4500   29.9300  103.6438   51.6807      3.58
    80.4500   29.9300  107.0530   47.8652      3.62
    80.4500   29.9300  108.9240   34.0313      3.46
    80.4500   29.9300   70.2828   53.0581      3.67
    80.4500   29.9300   87.6950   43.8211      3.59
    80.4500   29.9300   74.4940   42.6390      3.54
    80.4500   29.9300   91.1500   29.7000      3.56
    80.0400   23.0800  150.7700   59.5756      3.73
    80.0400   23.0800  119.7420   49.2667      3.68
    80.0400   23.0800  121.4880   24.9754      3.77
    80.0400   23.0800  121.1860   31.0951      3.82
    80.0400   23.0800  116.1680   40.0183      3.58
    80.0400   23.0800   70.2828   53.0581      3.75
    80.0400   23.0800  109.8430   19.0294      3.63
    80.0400   23.0800   78.6202   50.7154      3.76
    80.0400   23.0800   87.6950   43.8211      3.70
    80.0400   23.0800   74.4900   42.6400      3.67
    80.0400   23.0800   91.1500   29.7000      3.58
    77.0000   39.4700  143.1600   42.0100      3.81
    77.0000   39.4700  142.7600   46.9600      3.78
    77.0000   39.4700  121.4900   24.9700      3.72
    77.0000   39.4700  129.5900   44.6200      3.81
    77.0000   39.4700  121.1800   31.0900      3.83
    77.0000   39.4700  109.8400   19.0300      3.49
    77.0000   39.4700  119.7400   49.2700      3.78
    77.0000   39.4700  116.1700   40.0200      3.83
    77.0000   39.4700  108.9200   34.0300      3.80
    77.0000   39.4700  102.7400   25.1200      3.56
    77.0000   39.4700  107.0500   47.8600      3.77
    77.0000   39.4700  103.6400   51.6800      3.62
    77.0000   39.4700  103.8400   36.0800      3.44
    77.0000   39.4700   70.2800   53.0600      3.79
    77.0000   39.4700   87.6900   43.8200      3.67
   121.4200   19.9800  102.7400   25.1200      3.74
   121.4200   19.9800  108.9200   34.0300      3.76
   129.9500   28.8100   74.4900   42.6400      3.73
   129.9500   28.8100   87.6900   43.8200      3.77
   129.9500   28.8100   91.1500   29.7000      3.64
   129.9500   28.8100  103.6400   51.6800      3.74
   129.9500   28.8100  107.0500   47.8600      3.77
   129.9500   28.8100  102.7400   25.1200      3.74
   129.9500   28.8100  103.8400   36.0800      3.61
   129.9500   28.8100  119.7400   49.2700      3.75
   129.9500   28.8100  108.9200   34.0300      3.77
   129.9500   28.8100  116.1700   40.0200      3.72
   129.9500   28.8100  129.5900   44.6200      3.71
   129.9500   28.8100  121.4900   24.9700      3.45
   129.9500   28.8100  121.1800   31.0900      3.71
    74.2800   41.0300  143.1600   42.0100      3.57
    74.2800   41.0300  150.7700   59.5700      3.86
    74.2800   41.0300  121.4900   24.9700      3.55
    74.2800   41.0300  129.5900   44.6100      3.52
    74.2800   41.0300  121.1800   31.0900      3.69
    74.2800   41.0300  119.7400   49.2700      3.71
    74.2800   41.0300  103.6400   51.6800      3.63
    74.2800   41.0300   70.2800   53.0600      3.88
    86.9640    9.3110   98.9769   18.7900      3.54
    94.3820   10.6340   74.4940   42.6390      3.65
    76.4200   18.0600  158.6500   53.0235      3.67
    76.4200   18.0600  143.1570   42.0150      3.74
    76.4200   18.0600  142.7610   46.9583      3.71
    76.4200   18.0600  138.2070   36.5425      3.80
    76.4200   18.0600  129.5920   44.6164      3.63
    76.4200   18.0600  119.7420   49.2667      3.56
    76.4200   18.0600  121.1870   31.0956      3.73
    76.4200   18.0600  103.6438   51.6807      3.66
    76.4200   18.0600   83.2346   54.8404      3.75
    76.4200   18.0600  144.8660   13.5878      3.81
    76.4200   18.0600  108.9240   34.0313      3.80
    76.4200   18.0600  109.8430   19.0294      3.66
    76.4200   18.0600  103.8444   36.0867      3.50
    76.4200   18.0600   87.6950   43.8211      3.52
    76.4200   18.0600  102.7400   25.1233      3.64
    76.4200   18.0600   74.4940   42.6390      3.72
    76.4200   18.0600   98.9769   18.7900      3.84
    76.4200   18.0600   91.1500   29.7000      3.56
    95.7380   15.7460  138.2070   36.5425      3.72
    95.7380   15.7460  103.6438   51.6807      3.59
    95.7380   15.7460   70.3167   39.0000      3.68
    95.7380   15.7460  116.1750   40.0403      3.59
    93.9750    7.5070  138.2070   36.5425      3.67
    93.9750    7.5070  116.1750   40.0403      3.65
    93.9750    7.5070   70.3167   39.0000      3.85
    93.9750    7.5070   87.6950   43.8211      3.54
    93.9750    7.5070  103.8444   36.0867      3.54
    93.9750    7.5070  102.7400   25.1233      3.44
    93.9750    7.5070   98.9769   18.7900      3.54
   120.4500    1.0000  150.7700   59.5756      3.71
   120.4500    1.0000  103.6438   51.6807      3.71
   120.4500    1.0000   87.6950   43.8211      3.66
   120.4500    1.0000  119.7420   49.2667      3.69
   120.4500    1.0000  143.1570   42.0150      3.78
   120.4500    1.0000  129.5920   44.6164      3.57
   120.4500    1.0000  138.2070   36.5425      3.76
   120.4500    1.0000  103.8444   36.0867      3.63
   120.4500    1.0000  108.9210   34.0394      3.74
   120.4500    1.0000  121.1870   31.0956      3.56
   120.4500    1.0000   98.9769   18.7900      3.60
   120.4500    1.0000  144.8660   13.5878      3.72
   120.4500    1.0000  125.5750    7.0878      3.45
   125.1500   12.6100  158.6500   53.0235      3.76
   125.1500   12.6100  138.2070   36.5425      3.71
   125.1500   12.6100   98.9769   18.7900      3.74
   125.1500   12.6100  109.4870   30.2718      3.65
   125.1500   12.6100  144.8660   13.5878      3.70
   125.1500   12.6100  121.4880   24.9754      3.88
   142.8100   52.5600   73.2512   33.6500      3.74
   142.8100   52.5600   98.9769   18.7900      3.71
   142.8100   52.5600  144.8660   13.5878      3.82
   142.8100   52.5600  121.4880   24.9754      3.68
   142.8100   52.5600  107.0530   47.8652      3.77
   142.8100   52.5600  158.6500   53.0235      3.63
   142.8100   52.5600  150.7700   59.5756      3.74
   142.8100   52.5600  142.7610   46.9583      3.54
    97.9400    3.4400   74.4940   42.6390      3.64
    97.9400    3.4400   91.1500   29.7000      3.70
    97.9400    3.4400  102.7400   25.1233      3.62
    97.9400    3.4400  125.5750    7.0878      3.66
    97.9400    3.4400   98.9769   18.7900      3.63
    95.0600    1.8500   70.2828   53.0581      3.77
    95.0600    1.8500   78.6202   50.7154      3.76
    95.0600    1.8500  126.6330   37.4833      3.72
    95.0600    1.8500   74.4940   42.6390      3.79
    95.0600    1.8500  121.1870   31.0956      3.65
    95.0600    1.8500  108.9210   34.0394      3.82
    95.0600    1.8500  121.4880   24.9754      3.70
    95.0600    1.8500  109.4870   30.2718      3.73
    95.0600    1.8500  102.7400   25.1233      3.43
    95.0600    1.8500   98.9769   18.7900      3.52
    99.1600   21.9300  150.7700   59.5756      3.75
    99.1600   21.9300  144.8660   13.5878      3.74
    99.1600   21.9300  103.6438   51.6807      3.54
    99.1600   21.9300   74.4940   42.6390      3.48
    99.1600   21.9300  121.4880   24.9754      3.69
   142.8270   52.6290   91.1500   29.7000      3.55
   142.8270   52.6290  109.8430   19.0294      3.65
   142.8270   52.6290  102.7400   25.1233      3.64
   142.8270   52.6290  109.4870   30.2718      3.60
   142.8270   52.6290  119.7420   49.2667      3.69
   142.8270   52.6290  143.1570   42.0150      3.52
    96.3300    4.6400   70.2828   53.0581      3.67
    96.3300    4.6400  144.8660   13.5878      3.76
    96.3300    4.6400   73.2512   33.6500      3.76
    96.3300    4.6400   74.4940   42.6390      3.63
    96.3300    4.6400  121.4880   24.9754      3.73
    96.3300    4.6400  125.5750    7.0878      3.67
    97.6000    1.0700  144.8660   13.5878      3.75
    97.6000    1.0700  121.1860   31.0951      3.75
    97.6000    1.0700  108.9240   34.0313      3.71
    97.6000    1.0700  121.4880   24.9754      3.72
    97.6000    1.0700  109.4870   30.2718      3.64
    97.6000    1.0700  125.5750    7.0878      3.57
    97.6000    1.0700  102.7400   25.1233      3.65
    97.6000    1.0700  109.8430   19.0294      3.56
   125.4800   11.7600  144.8660   13.5878      3.77
   143.5400   28.0000  121.4880   24.9754      3.70
   143.5400   28.0000  143.1570   42.0150      3.96
   143.5400   28.0000  125.5750    7.0878      3.79
   142.4700   37.3400  125.5750    7.0878      3.84
    82.8100   -3.4200   87.6950   43.8211      3.68
    82.8100   -3.4200   74.4940   42.6390      3.88
    82.8100   -3.4200   70.3167   39.0000      3.93
    84.6100   -2.8600  102.7400   25.1233      3.87
   159.8300   52.9400   91.1500   29.7000      3.70
   159.8300   52.9400   70.2828   53.0581      3.84
   159.8300   52.9400   81.9770   46.8080      3.80
   159.8300   52.9400  121.1860   31.0951      3.78
   159.8300   52.9400  103.6438   51.6807      3.78
   159.8300   52.9400  107.0530   47.8652      3.83
   159.8300   52.9400  116.1680   40.0183      3.76
   159.8300   52.9400  119.7420   49.2667      3.80
   159.8300   52.9400  142.7610   46.9583      3.67
    60.0100   32.5500  107.0530   47.8652      3.65
    60.0100   32.5500   98.9769   18.7900      3.82
    60.0100   32.5500   70.2828   53.0581      3.83
    60.0100   32.5500   74.4940   42.6390      3.71
   114.7100   41.3300  150.7700   59.5756      3.73
   114.7100   41.3300  119.7420   49.2667      3.50
   141.9100   23.9100  150.7700   59.5756      3.84
   141.9100   23.9100  158.6500   53.0235      3.92
   141.9100   23.9100  142.7610   46.9583      3.85
   141.9100   23.9100  125.5750    7.0878      3.74
    67.8500   -1.3500  103.8444   36.0867      3.66
    67.8500   -1.3500  109.8430   19.0294      3.74
    67.8500   -1.3500  102.7400   25.1233      3.74
    58.0700   12.4300  116.1680   40.0183      3.74
    57.8100   11.9200  125.5750    7.0878      3.79
    57.8100   11.9200  109.4870   30.2718      3.78
    57.8100   11.9200  109.8430   19.0294      3.78
    57.8100   11.9200  103.8444   36.0867      3.60
    57.8100   11.9200  102.7400   25.1233      3.75
    57.8100   11.9200   87.6950   43.8211      3.82
    57.8100   11.9200   98.9769   18.7900      3.90
    57.8100   11.9200   91.1500   29.7000      3.84
    57.8100   11.9200   74.4940   42.6390      3.73
    57.8100   11.9200  103.6438   51.6807      3.79
   101.4100   -2.0900  102.7400   25.1233      3.60
   101.4100   -2.0900  109.8430   19.0294      3.57
   135.0600   -4.2700  143.1570   42.0150      3.91
   135.0600   -4.2700  144.8660   13.5878      3.85
   137.3500    -.9000  143.1570   42.0150      3.83
   128.1000   -3.9900  143.1570   42.0150      3.87
   128.1000   -3.9900  121.4880   24.9754      3.74
   128.1000   -3.9900  150.7700   59.5756      3.86
   135.8800    -.7500   91.1500   29.7000      3.71
   135.8800    -.7500   98.9769   18.7900      3.73
   135.8800    -.7500  109.8430   19.0294      3.63
   135.8800    -.7500  121.4880   24.9754      3.83
   144.3500   -3.4400  107.0530   47.8652      3.77
   144.3500   -3.4400  119.7420   49.2667      3.78
   144.3500   -3.4400  103.8444   36.0867      3.75
   144.3500   -3.4400  116.1680   40.0183      3.78
   144.3500   -3.4400   98.9769   18.7900      3.58
   144.3500   -3.4400  102.7400   25.1233      3.77
   144.3500   -3.4400  121.1860   31.0951      3.81
   144.3500   -3.4400  108.9240   34.0313      3.83
   144.3500   -3.4400  109.8430   19.0294      3.66
   144.3500   -3.4400  121.4880   24.9754      3.84
   144.3500   -3.4400  126.6330   37.4833      3.79
   127.8300   -1.7900  143.1570   42.0150      3.84
   105.1900   -6.6200  150.7700   59.5756      3.74
   105.1900   -6.6200   70.2828   53.0581      3.73
   105.1900   -6.6200   78.6202   50.7154      3.64
   105.1900   -6.6200  119.7420   49.2667      3.74
   105.1900   -6.6200   74.4940   42.6390      3.70
   105.1900   -6.6200  129.5920   44.6164      3.79
   105.1900   -6.6200  107.0530   47.8652      3.74
   105.1900   -6.6200  126.6330   37.4833      3.75
   105.1900   -6.6200  116.1680   40.0183      3.74
   105.1900   -6.6200  144.8660   13.5878      3.85
   105.1900   -6.6200  108.9210   34.0394      3.75
   105.1900   -6.6200  121.1860   31.0951      3.72
   105.1900   -6.6200   91.1500   29.7000      3.65
   105.1900   -6.6200  121.4880   24.9754      3.82
   105.1900   -6.6200  102.7400   25.1233      3.71
   105.1900   -6.6200   98.9769   18.7900      3.70
   105.1900   -6.6200  109.8430   19.0294      3.61
    68.0900   -2.1100  108.9240   34.0313      3.83
    68.0900   -2.1100  109.4870   30.2718      3.80
    68.0900   -2.1100  103.8444   36.0867      3.70
    68.0900   -2.1100  109.8430   19.0294      3.74
    68.0900   -2.1100  102.7400   25.1233      3.81
    68.0900   -2.1100   98.9769   18.7900      3.87
    68.0900   -2.1100   87.6950   43.8211      3.76
    68.0900   -2.1100   78.6202   50.7154      3.78
